1.000000
6

1.000000	

-0.015606	
0.000316	
0.012144	
0.005559	
0.000495	
-0.004662	


0.000859	0.000019	0.000194	-0.000371	-0.000111	-0.000037	
0.000019	0.000111	0.000052	0.000017	-0.000051	0.000042	
0.000194	0.000052	0.000174	-0.000082	-0.000055	-0.000030	
-0.000371	0.000017	-0.000082	0.001089	0.000024	-0.000076	
-0.000111	-0.000051	-0.000055	0.000024	0.000196	-0.000030	
-0.000037	0.000042	-0.000030	-0.000076	-0.000030	0.000155	


