1.000000
8

1.000000	

0.066488	
0.128621	
-0.043350	
0.018381	
-0.017778	
-0.035554	
0.008535	
-0.004591	


0.006239	0.012880	-0.002343	0.000933	-0.001454	-0.003205	-0.000127	0.000024	
0.012880	0.028106	-0.000997	0.000058	-0.003049	-0.007039	-0.001705	0.000745	
-0.002343	-0.000997	0.011725	-0.005581	0.000343	0.000278	-0.002993	0.001379	
0.000933	0.000058	-0.005581	0.002680	-0.000063	0.000086	0.001492	-0.000694	
-0.001454	-0.003049	0.000343	-0.000063	0.002549	0.005243	-0.000882	0.000382	
-0.003205	-0.007039	0.000278	0.000086	0.005243	0.011240	-0.001070	0.000425	
-0.000127	-0.001705	-0.002993	0.001492	-0.000882	-0.001070	0.003550	-0.001684	
0.000024	0.000745	0.001379	-0.000694	0.000382	0.000425	-0.001684	0.000835	


