1.000000
8

1.000000	

-0.000425	
0.001876	
-0.019551	
-0.008523	
-0.000750	
0.000559	
0.004218	
0.003820	


0.000157	-0.000081	-0.000166	-0.000449	-0.000017	0.000009	0.000049	0.000057	
-0.000081	0.000064	0.000047	0.000194	0.000004	-0.000004	-0.000007	-0.000001	
-0.000166	0.000047	0.000431	0.000631	0.000033	-0.000025	-0.000096	-0.000122	
-0.000449	0.000194	0.000631	0.001407	0.000062	-0.000044	-0.000150	-0.000205	
-0.000017	0.000004	0.000033	0.000062	0.000098	-0.000101	-0.000073	-0.000215	
0.000009	-0.000004	-0.000025	-0.000044	-0.000101	0.000155	0.000039	0.000139	
0.000049	-0.000007	-0.000096	-0.000150	-0.000073	0.000039	0.000250	0.000242	
0.000057	-0.000001	-0.000122	-0.000205	-0.000215	0.000139	0.000242	0.000640	


