1.000000
6

1.000000	

-0.048448	
-0.006166	
-0.024111	
0.021143	
0.002313	
0.011626	


0.026561	0.004191	0.013951	-0.012606	-0.001555	-0.006930	
0.004191	0.000705	0.002241	-0.002044	-0.000261	-0.001124	
0.013951	0.002241	0.007414	-0.006669	-0.000828	-0.003681	
-0.012606	-0.002044	-0.006669	0.026047	0.003218	0.014282	
-0.001555	-0.000261	-0.000828	0.003218	0.000409	0.001770	
-0.006930	-0.001124	-0.003681	0.014282	0.001770	0.007900	


