1.000000
8

1.000000	

0.040498	
0.014996	
0.036379	
-0.279926	
-0.012146	
-0.004300	
-0.007244	
0.070423	


0.022629	0.007815	0.010854	-0.120044	-0.004608	-0.001637	-0.002225	0.024058	
0.007815	0.002718	0.003773	-0.041153	-0.001530	-0.000546	-0.000740	0.007927	
0.010854	0.003773	0.005430	-0.058239	-0.002225	-0.000792	-0.001092	0.011668	
-0.120044	-0.041153	-0.058239	0.649163	0.026132	0.009235	0.012693	-0.138434	
-0.004608	-0.001530	-0.002225	0.026132	0.010692	0.003778	0.005215	-0.056570	
-0.001637	-0.000546	-0.000792	0.009235	0.003778	0.001342	0.001855	-0.019905	
-0.002225	-0.000740	-0.001092	0.012693	0.005215	0.001855	0.002626	-0.027857	
0.024058	0.007927	0.011668	-0.138434	-0.056570	-0.019905	-0.027857	0.303792	


