1.000000
6

1.000000	

0.010506	
-0.031765	
-0.018130	
-0.001852	
0.004953	
0.002277	


0.000111	-0.000335	-0.000215	-0.000016	0.000043	0.000023	
-0.000335	0.001167	0.000851	0.000055	-0.000167	-0.000096	
-0.000215	0.000851	0.000728	0.000032	-0.000113	-0.000077	
-0.000016	0.000055	0.000032	0.000032	-0.000086	-0.000029	
0.000043	-0.000167	-0.000113	-0.000086	0.000250	0.000105	
0.000023	-0.000096	-0.000077	-0.000029	0.000105	0.000087	


