1.000000
8

1.000000	

-0.005771	
0.000182	
0.000845	
0.019926	
0.000765	
0.000779	
-0.000937	
-0.002171	


0.000065	-0.000007	0.000016	-0.000053	-0.000009	-0.000015	0.000017	-0.000017	
-0.000007	0.000083	-0.000132	0.000261	0.000001	-0.000024	0.000036	-0.000024	
0.000016	-0.000132	0.000236	-0.000441	0.000003	0.000034	-0.000052	0.000029	
-0.000053	0.000261	-0.000441	0.001527	-0.000008	-0.000083	0.000119	-0.000184	
-0.000009	0.000001	0.000003	-0.000008	0.000008	-0.000001	-0.000001	-0.000010	
-0.000015	-0.000024	0.000034	-0.000083	-0.000001	0.000017	-0.000019	0.000024	
0.000017	0.000036	-0.000052	0.000119	-0.000001	-0.000019	0.000041	-0.000024	
-0.000017	-0.000024	0.000029	-0.000184	-0.000010	0.000024	-0.000024	0.000165	


