1.000000
6

1.000000	

0.060830	
0.219706	
-0.071743	
-0.009659	
-0.033027	
0.014058	


0.004049	0.004026	-0.000390	-0.000464	0.000248	-0.000549	
0.004026	0.016215	-0.004797	-0.000616	-0.002541	0.001089	
-0.000390	-0.004797	0.005585	0.000415	0.001174	-0.001001	
-0.000464	-0.000616	0.000415	0.000490	0.000654	-0.000166	
0.000248	-0.002541	0.001174	0.000654	0.003156	-0.001188	
-0.000549	0.001089	-0.001001	-0.000166	-0.001188	0.001284	


