1.000000
6

1.000000	

0.013436	
0.001135	
0.001682	
-0.020274	
-0.000051	
0.002591	


0.000268	0.000016	0.000010	-0.000392	0.000031	0.000085	
0.000016	0.000049	-0.000061	-0.000085	-0.000050	0.000213	
0.000010	-0.000061	0.000115	0.000059	0.000038	-0.000334	
-0.000392	-0.000085	0.000059	0.001052	0.000051	-0.000315	
0.000031	-0.000050	0.000038	0.000051	0.000359	-0.000310	
0.000085	0.000213	-0.000334	-0.000315	-0.000310	0.002087	


