1.000000
8

1.000000	

-0.019395	
-0.009555	
-0.058060	
0.006959	
0.000466	
0.002215	
0.005293	
0.002253	


0.002329	-0.002944	-0.001349	-0.000640	-0.000172	0.000088	-0.000067	-0.000086	
-0.002944	0.005125	0.003911	0.003015	0.000244	-0.000235	-0.000111	-0.000116	
-0.001349	0.003911	0.004732	0.003008	0.000113	-0.000198	-0.000253	-0.000213	
-0.000640	0.003015	0.003008	0.007720	0.000019	-0.000157	-0.000269	-0.000574	
-0.000172	0.000244	0.000113	0.000019	0.000054	-0.000047	0.000000	-0.000011	
0.000088	-0.000235	-0.000198	-0.000157	-0.000047	0.000080	0.000046	0.000059	
-0.000067	-0.000111	-0.000253	-0.000269	0.000000	0.000046	0.000079	0.000044	
-0.000086	-0.000116	-0.000213	-0.000574	-0.000011	0.000059	0.000044	0.000167	


