1.000000
8

1.000000	

-0.003290	
-0.009044	
0.026287	
0.019914	
-0.000797	
0.002612	
-0.001908	
-0.000421	


0.000057	-0.000060	-0.000078	-0.000102	-0.000004	-0.000009	0.000071	0.000015	
-0.000060	0.000209	-0.000145	-0.000080	0.000007	-0.000017	-0.000081	0.000010	
-0.000078	-0.000145	0.000656	0.000406	-0.000053	0.000034	0.000039	0.000131	
-0.000102	-0.000080	0.000406	0.000455	0.000017	0.000052	-0.000147	-0.000103	
-0.000004	0.000007	-0.000053	0.000017	0.000064	-0.000046	-0.000066	-0.000150	
-0.000009	-0.000017	0.000034	0.000052	-0.000046	0.000113	-0.000027	0.000010	
0.000071	-0.000081	0.000039	-0.000147	-0.000066	-0.000027	0.000531	0.000168	
0.000015	0.000010	0.000131	-0.000103	-0.000150	0.000010	0.000168	0.000500	


