1.000000
8

1.000000	

-0.057685	
-0.044802	
0.069111	
-0.029486	
0.100580	
0.064738	
-0.125891	
0.044306	


0.054664	0.010791	-0.068527	-0.005172	-0.059635	-0.011340	0.073133	0.004252	
0.010791	0.005560	-0.013339	0.003821	-0.009471	-0.006589	0.012613	-0.006745	
-0.068527	-0.013339	0.086292	0.006737	0.075249	0.014466	-0.092837	-0.004777	
-0.005172	0.003821	0.006737	0.007465	0.009584	-0.004943	-0.010268	-0.011385	
-0.059635	-0.009471	0.075249	0.009584	0.193697	0.037512	-0.238374	-0.015176	
-0.011340	-0.006589	0.014466	-0.004943	0.037512	0.017617	-0.048135	0.011767	
0.073133	0.012613	-0.092837	-0.010268	-0.238374	-0.048135	0.295214	0.014885	
0.004252	-0.006745	-0.004777	-0.011385	-0.015176	0.011767	0.014885	0.024401	


