1.000000
6

1.000000	

-0.022693	
0.085869	
0.011292	
0.012341	
-0.035241	
-0.002670	


0.001551	-0.002325	-0.000653	-0.000439	0.000715	0.000070	
-0.002325	0.007520	0.000655	0.000550	-0.001272	0.000127	
-0.000653	0.000655	0.000375	0.000286	-0.000566	-0.000106	
-0.000439	0.000550	0.000286	0.000610	-0.001085	-0.000283	
0.000715	-0.001272	-0.000566	-0.001085	0.002424	0.000462	
0.000070	0.000127	-0.000106	-0.000283	0.000462	0.000220	


