1.000000
8

1.000000	

-0.004647	
0.046553	
0.003540	
-0.016706	
-0.002761	
-0.046120	
-0.049382	
0.073865	


0.000265	0.000164	-0.000317	0.000326	-0.000288	-0.000173	0.000277	-0.000406	
0.000164	0.006097	-0.000460	-0.000812	0.000094	-0.002216	-0.007401	0.008731	
-0.000317	-0.000460	0.001172	-0.001259	0.000291	0.004042	-0.003345	0.003236	
0.000326	-0.000812	-0.001259	0.001646	-0.000331	-0.004162	0.005495	-0.005679	
-0.000288	0.000094	0.000291	-0.000331	0.010483	0.001814	-0.008838	0.010176	
-0.000173	-0.002216	0.004042	-0.004162	0.001814	0.055379	-0.020542	0.011104	
0.000277	-0.007401	-0.003345	0.005495	-0.008838	-0.020542	0.044871	-0.047622	
-0.000406	0.008731	0.003236	-0.005679	0.010176	0.011104	-0.047622	0.053608	


