1.000000
6

1.000000	

0.029024	
-0.116287	
0.022311	
-0.007855	
0.043126	
-0.011117	


0.002342	-0.001952	0.000739	-0.001247	0.001408	-0.000358	
-0.001952	0.012177	-0.002259	0.000217	-0.004083	0.001132	
0.000739	-0.002259	0.000836	-0.000389	0.000818	-0.000417	
-0.001247	0.000217	-0.000389	0.002058	-0.002085	0.000741	
0.001408	-0.004083	0.000818	-0.002085	0.005993	-0.001250	
-0.000358	0.001132	-0.000417	0.000741	-0.001250	0.000707	


