1.000000
6

1.000000	

-0.095438	
-0.012947	
-0.051533	
0.125872	
0.014921	
0.070202	


0.030099	0.004211	0.016777	-0.050502	-0.006097	-0.028915	
0.004211	0.000598	0.002346	-0.006998	-0.000853	-0.004003	
0.016777	0.002346	0.009392	-0.029056	-0.003505	-0.016686	
-0.050502	-0.006998	-0.029056	0.165568	0.019785	0.095257	
-0.006097	-0.000853	-0.003505	0.019785	0.002646	0.011331	
-0.028915	-0.004003	-0.016686	0.095257	0.011331	0.055160	


