1.000000
8

1.000000	

0.047054	
0.012929	
0.028237	
-0.297073	
-0.128067	
-0.039441	
-0.065256	
0.764028	


0.016758	0.005078	0.005936	-0.093470	-0.021821	-0.008452	-0.009139	0.127163	
0.005078	0.001572	0.001826	-0.028401	-0.006270	-0.002529	-0.002740	0.036887	
0.005936	0.001826	0.002426	-0.034198	-0.008550	-0.003279	-0.004068	0.051044	
-0.093470	-0.028401	-0.034198	0.527873	0.121553	0.047500	0.052641	-0.716105	
-0.021821	-0.006270	-0.008550	0.121553	0.065807	0.016727	0.029075	-0.357524	
-0.008452	-0.002529	-0.003279	0.047500	0.016727	0.014488	0.007957	-0.121896	
-0.009139	-0.002740	-0.004068	0.052641	0.029075	0.007957	0.015354	-0.166739	
0.127163	0.036887	0.051044	-0.716105	-0.357524	-0.121896	-0.166739	2.088645	


