1.000000
6

1.000000	

0.014696	
0.001720	
0.006134	
-0.021155	
-0.000956	
-0.006004	


0.000431	0.000135	-0.000012	-0.000443	-0.000093	0.000260	
0.000135	0.000096	-0.000026	-0.000133	-0.000104	0.000150	
-0.000012	-0.000026	0.000038	-0.000021	0.000025	-0.000094	
-0.000443	-0.000133	-0.000021	0.000924	0.000197	-0.000091	
-0.000093	-0.000104	0.000025	0.000197	0.000256	-0.000181	
0.000260	0.000150	-0.000094	-0.000091	-0.000181	0.000628	


