1.000000
8

1.000000	

-0.002770	
-0.022771	
0.041852	
0.013353	
0.005348	
-0.001920	
-0.012304	
0.004296	


0.074373	-0.061384	-0.083241	0.020351	-0.008542	0.005332	0.008113	-0.006232	
-0.061384	0.053399	0.070004	-0.015486	0.006860	-0.004760	-0.006708	0.005333	
-0.083241	0.070004	0.094607	-0.022380	0.009403	-0.006042	-0.009081	0.007182	
0.020351	-0.015486	-0.022380	0.012584	-0.001243	-0.000467	0.000249	-0.001866	
-0.008542	0.006860	0.009403	-0.001243	0.003413	-0.002272	-0.003565	0.000456	
0.005332	-0.004760	-0.006042	-0.000467	-0.002272	0.002263	0.002667	-0.000378	
0.008113	-0.006708	-0.009081	0.000249	-0.003565	0.002667	0.004143	-0.000709	
-0.006232	0.005333	0.007182	-0.001866	0.000456	-0.000378	-0.000709	0.001873	


