1.000000
6

1.000000	

-0.013697	
-0.006059	
0.036414	
0.007272	
-0.004267	
-0.019751	


0.000366	-0.000083	-0.000064	-0.000130	0.000112	-0.000021	
-0.000083	0.000589	0.000454	-0.000019	-0.000250	0.000177	
-0.000064	0.000454	0.003288	0.000103	-0.000458	-0.001135	
-0.000130	-0.000019	0.000103	0.000409	-0.000208	-0.000102	
0.000112	-0.000250	-0.000458	-0.000208	0.000715	0.000334	
-0.000021	0.000177	-0.001135	-0.000102	0.000334	0.003818	


