1.000000
8

1.000000	

0.002608	
-0.001612	
0.004450	
-0.000947	
-0.001107	
0.000884	
-0.004753	
0.001252	


0.000041	-0.000020	0.000006	0.000015	-0.000052	0.000024	0.000015	-0.000040	
-0.000020	0.000011	-0.000004	-0.000007	0.000026	-0.000012	-0.000006	0.000019	
0.000006	-0.000004	0.000016	-0.000004	0.000003	0.000000	-0.000018	0.000008	
0.000015	-0.000007	-0.000004	0.000009	-0.000021	0.000009	0.000014	-0.000021	
-0.000052	0.000026	0.000003	-0.000021	0.000221	-0.000105	-0.000042	0.000090	
0.000024	-0.000012	0.000000	0.000009	-0.000105	0.000052	0.000009	-0.000037	
0.000015	-0.000006	-0.000018	0.000014	-0.000042	0.000009	0.000145	-0.000075	
-0.000040	0.000019	0.000008	-0.000021	0.000090	-0.000037	-0.000075	0.000112	


