1.000000
8

1.000000	

0.159170	
-0.261526	
-0.097948	
-0.394813	
-0.135330	
0.188774	
0.094746	
0.284592	


0.014898	-0.015940	-0.009476	-0.019099	-0.003233	0.000018	0.004416	-0.001186	
-0.015940	0.023589	0.010447	0.037848	0.004643	-0.005063	-0.005361	-0.010290	
-0.009476	0.010447	0.006239	0.013042	0.001347	0.000881	-0.002509	0.002390	
-0.019099	0.037848	0.013042	0.072324	0.005450	-0.010914	-0.006491	-0.026982	
-0.003233	0.004643	0.001347	0.005450	0.012595	-0.017479	-0.006013	-0.024236	
0.000018	-0.005063	0.000881	-0.010914	-0.017479	0.034040	0.008616	0.054810	
0.004416	-0.005361	-0.002509	-0.006491	-0.006013	0.008616	0.004824	0.011363	
-0.001186	-0.010290	0.002390	-0.026982	-0.024236	0.054810	0.011363	0.101188	


