1.000000
8

1.000000	

-0.015650	
-0.007276	
-0.046204	
0.001955	
0.003272	
0.019885	
0.044869	
0.021286	


0.002192	-0.002896	-0.001037	-0.001560	-0.001527	0.001183	-0.000243	0.000179	
-0.002896	0.004968	0.003182	0.003933	0.002017	-0.002485	-0.001348	-0.002061	
-0.001037	0.003182	0.003926	0.002530	0.000696	-0.001659	-0.002358	-0.001903	
-0.001560	0.003933	0.002530	0.008531	0.000264	-0.001859	-0.002384	-0.005870	
-0.001527	0.002017	0.000696	0.000264	0.002296	-0.001962	0.000229	-0.000213	
0.001183	-0.002485	-0.001659	-0.001859	-0.001962	0.003751	0.002456	0.002943	
-0.000243	-0.001348	-0.002358	-0.002384	0.000229	0.002456	0.004409	0.002967	
0.000179	-0.002061	-0.001903	-0.005870	-0.000213	0.002943	0.002967	0.008212	


