1.000000
6

1.000000	

0.013283	
0.002806	
-0.018784	
-0.012918	
-0.003804	
0.002675	


0.000315	0.000100	-0.000122	-0.000152	-0.000057	-0.000123	
0.000100	0.000053	-0.000026	-0.000031	-0.000024	-0.000058	
-0.000122	-0.000026	0.000315	0.000178	0.000055	-0.000098	
-0.000152	-0.000031	0.000178	0.000302	0.000061	-0.000054	
-0.000057	-0.000024	0.000055	0.000061	0.000065	0.000046	
-0.000123	-0.000058	-0.000098	-0.000054	0.000046	0.000346	


