1.000000
8

1.000000	

-0.004676	
-0.002088	
0.003998	
0.021498	
0.002422	
-0.000026	
0.000460	
-0.009172	


0.000060	-0.000042	0.000061	-0.000142	-0.000030	0.000030	-0.000036	0.000055	
-0.000042	0.000094	-0.000156	-0.000029	0.000020	-0.000048	0.000059	0.000018	
0.000061	-0.000156	0.000277	0.000076	-0.000031	0.000078	-0.000104	-0.000036	
-0.000142	-0.000029	0.000076	0.000597	0.000073	-0.000017	0.000029	-0.000245	
-0.000030	0.000020	-0.000031	0.000073	0.000036	-0.000015	0.000029	-0.000115	
0.000030	-0.000048	0.000078	-0.000017	-0.000015	0.000049	-0.000059	-0.000033	
-0.000036	0.000059	-0.000104	0.000029	0.000029	-0.000059	0.000131	-0.000007	
0.000055	0.000018	-0.000036	-0.000245	-0.000115	-0.000033	-0.000007	0.000551	


