1.000000
8

1.000000	

-0.167998	
0.164472	
0.113546	
0.364094	
0.060732	
-0.045448	
-0.031539	
-0.088185	


0.047992	-0.035738	-0.037493	-0.057239	-0.003859	0.006361	0.001716	0.004600	
-0.035738	0.031671	0.028096	0.050466	0.000156	-0.003239	0.001232	-0.002621	
-0.037493	0.028096	0.036647	0.049370	0.000273	-0.002709	-0.001676	-0.000287	
-0.057239	0.050466	0.049370	0.090036	0.002586	-0.005734	-0.001240	-0.006571	
-0.003859	0.000156	0.000273	0.002586	0.012315	-0.008752	-0.008631	-0.012241	
0.006361	-0.003239	-0.002709	-0.005734	-0.008752	0.011503	0.006706	0.016228	
0.001716	0.001232	-0.001676	-0.001240	-0.008631	0.006706	0.007926	0.008613	
0.004600	-0.002621	-0.000287	-0.006571	-0.012241	0.016228	0.008613	0.026722	


